0,5,7,10,19,-1,-1,-1,-1,-1,-1,-1,-1
5,0,16,-1,-1,8,9,14,-1,-1,-1,-1,-1
7,16,0,-1,-1,11,-1,-1,-1,-1,-1,-1,-1
10,-1,-1,0,11,-1,-1,-1,-1,26,30,-1,-1
19,-1,-1,11,0,-1,-1,-1,-1,3,-1,-1,-1
-1,8,11,-1,-1,0,-1,-1,-1,13,-1,17,-1
-1,9,-1,-1,-1,-1,0,-1,30,-1,-1,-1,-1
-1,14,-1,-1,-1,-1,-1,0,18,-1,-1,21,-1
-1,-1,-1,-1,-1,-1,30,18,0,-1,-1,-1,8
-1,-1,-1,26,3,13,-1,-1,-1,0,15,-1,-1
-1,-1,-1,30,-1,-1,-1,-1,-1,15,0,19,12
-1,-1,-1,-1,-1,17,-1,21,-1,-1,19,0,14
-1,-1,-1,-1,-1,-1,-1,-1,8,-1,12,14,0
